0 0.7379807692307693 0.31490384615384615 0.14903846153846154 0.09615384615384616
0 0.5005769230769231 0.4740625 0.0545913461538461 0.0563221153846154
0 0.17543269230769232 0.4705048076923077 0.09646634615384614 0.08764423076923072
0 0.25721153846153844 0.4795673076923077 0.07692307692307693 0.07932692307692307
0 0.36538461538461536 0.4831730769230769 0.0673076923076923 0.0625
0 0.43149038461538464 0.48677884615384615 0.055288461538461536 0.055288461538461536
0 0.6548557692307693 0.3958653846153846 0.054999999999999986 0.04310096153846155
2 0.7922836538461537 0.7154807692307692 0.2920673076923077 0.5690144230769232
1 0.02372596153846154 0.4410096153846154 0.042764423076923075 0.026947115384615337
1 0.04350961538461539 0.3855769230769231 0.03769230769230769 0.022548076923076914
0 0.11355769230769232 0.4108653846153846 0.05072115384615387 0.04216346153846159
0 0.6371394230769231 0.4746875 0.018413461538461462 0.017427884615384616
0 0.5886057692307692 0.46723557692307693 0.019567307692307658 0.013004807692307753
0 0.5725721153846154 0.4788221153846154 0.022788461538461584 0.01694711538461541
0 0.5676201923076923 0.4925961538461538 0.020889423076923073 0.01564903846153844
0 0.5435817307692308 0.4828125 0.027259615384615323 0.031322115384615316
0 0.33206730769230763 0.4491346153846154 0.030528846153846125 0.024879807692307746
0 0.2910096153846154 0.4424519230769231 0.0333653846153846 0.03716346153846149
0 0.18615384615384614 0.41701923076923075 0.06564903846153847 0.039182692307692335
2 0.6216105769230769 0.5032451923076923 0.038846153846153836 0.05122596153846155
2 0.5846394230769231 0.5139182692307692 0.025528846153846166 0.049543269230769266
2 0.5266105769230769 0.5413221153846154 0.03382211538461537 0.04377403846153841
2 0.5062019230769231 0.5352403846153846 0.04002403846153841 0.0734134615384616
2 0.45276442307692305 0.5403125 0.07425480769230766 0.08040865384615382
2 0.38432692307692307 0.5657211538461538 0.0742788461538461 0.14375000000000002
2 0.33641826923076923 0.5728846153846153 0.10283653846153842 0.14036057692307688
0 0.3147596153846154 0.4621634615384615 0.022956730769230795 0.02444711538461542
2 0.22649038461538462 0.5979086538461538 0.1359134615384615 0.17052884615384614
2 0.07935096153846154 0.45209134615384616 0.03290865384615384 0.03877403846153845
2 0.05473557692307692 0.43973557692307697 0.06834134615384616 0.04858173076923072
2 0.0776201923076923 0.624375 0.15382211538461538 0.31225961538461533
2 0.6719230769230768 0.46903846153846157 0.03074519230769222 0.05206730769230775
