0 0.29838942307692307 0.3955528846153846 0.08036057692307694 0.04995192307692301
0 0.14302884615384615 0.40865384615384615 0.07932692307692307 0.0625
1 0.04461538461538461 0.42247596153846156 0.03447115384615384 0.021995192307692254
1 0.07896634615384615 0.4026201923076923 0.04942307692307693 0.0306730769230769
1 0.1941826923076923 0.41507211538461536 0.03665865384615385 0.03543269230769233
1 0.3901201923076923 0.42235576923076923 0.05805288461538456 0.03872596153846157
1 0.45935096153846156 0.4235096153846154 0.02966346153846148 0.01555288461538468
1 0.5122596153846154 0.4032451923076923 0.0789182692307692 0.0542067307692308
1 0.7545432692307692 0.4253846153846154 0.06290865384615375 0.036298076923076975
1 0.8523557692307692 0.41483173076923074 0.09735576923076923 0.06610576923076923
1 0.9682932692307692 0.4037019230769231 0.0633894230769231 0.03536057692307688
3 0.02002403846153846 0.5032932692307692 0.04004807692307692 0.08281249999999997
3 0.060937500000000006 0.5339423076923077 0.08971153846153848 0.15786057692307695
3 0.21314903846153846 0.5361298076923077 0.05415865384615385 0.15536057692307692
3 0.1342548076923077 0.5784855769230769 0.13331730769230768 0.17483173076923075
3 0.39456730769230763 0.5226682692307693 0.07699519230769224 0.1009855769230769
3 0.45697115384615383 0.48377403846153844 0.047283653846153885 0.03348557692307694
3 0.5073317307692308 0.5639182692307693 0.1411538461538462 0.15944711538461534
3 0.30396634615384616 0.5577403846153847 0.13276442307692304 0.16079326923076925
3 0.9579086538461539 0.5374278846153846 0.08418269230769226 0.1442067307692308
3 0.8527884615384616 0.6030769230769231 0.186466346153846 0.19995192307692317
3 0.7480048076923077 0.5455048076923077 0.09706730769230767 0.13293269230769234
