0 0.108125 0.4009638554216868 0.07019230769230769 0.06638554216867473
1 0.3205528846153846 0.6298072289156627 0.11444711538461541 0.058265060240963805
1 0.4174038461538461 0.5482168674698795 0.11923076923076928 0.07404819277108438
1 0.6630048076923077 0.44602409638554213 0.11254807692307697 0.11749397590361443
1 0.625985576923077 0.13821686746987952 0.0796634615384615 0.04925301204819277
1 0.4718269230769231 0.16759036144578313 0.06326923076923076 0.0391566265060241
1 0.31206730769230767 0.22679518072289157 0.035649038461538454 0.01985542168674701
3 0.19502403846153846 0.5097831325301205 0.13466346153846157 0.12802409638554216
3 0.2800480769230769 0.8333734939759037 0.30814903846153846 0.3173734939759037
3 0.44483173076923077 0.6959759036144578 0.12259615384615384 0.18368674698795184
3 0.7753365384615385 0.5884096385542169 0.2616586538461539 0.26118072289156624
3 0.6443509615384616 0.3040722891566265 0.16036057692307695 0.16053012048192772
3 0.47384615384615386 0.32163855421686743 0.1085336538461538 0.18546987951807226
3 0.31971153846153844 0.2939518072289157 0.0681009615384615 0.061228915662650596
