3 0.061875 0.5039518072289156 0.12375 0.457132530120482
3 0.05870192307692308 0.0957590361445783 0.11740384615384616 0.1743132530120482
3 0.9699519230769231 0.07349397590361446 0.06009615384615385 0.14698795180722893
3 0.9723557692307693 0.372289156626506 0.055288461538461536 0.18072289156626506
2 0.5405528846153846 0.3883132530120482 0.23509615384615382 0.2533975903614458
2 0.40057692307692305 0.37990361445783133 0.10966346153846154 0.22624096385542167
2 0.40384615384615385 0.08313253012048193 0.10096153846153846 0.16626506024096385
2 0.5454086538461538 0.08730120481927711 0.22072115384615376 0.16771084337349396
0 0.626826923076923 0.18443373493975906 0.11572115384615381 0.06248192771084339
0 0.4767548076923077 0.182 0.11435096153846153 0.07139759036144577
0 0.48050480769230763 0.2535421686746988 0.11841346153846152 0.0802168674698795
0 0.6229326923076923 0.2566024096385542 0.12168269230769233 0.07949397590361448
