0 0.2735336538461538 0.4611084337349398 0.08562499999999998 0.04440963855421688
0 0.4633894230769231 0.45826506024096386 0.06353365384615386 0.04903614457831331
0 0.3390384615384615 0.5159518072289156 0.03463942307692314 0.037084337349397554
0 0.6212980769230769 0.04710843373493976 0.0771634615384616 0.08390361445783133
0 0.6251442307692308 0.2857349397590362 0.08487980769230777 0.07578313253012049
2 0.20384615384615384 0.5898072289156627 0.16949519230769236 0.11250602409638553
3 0.30781250000000004 0.5857349397590361 0.061466346153846135 0.0526987951807229
3 0.4841826923076923 0.5601927710843373 0.0914182692307693 0.11525301204819273
3 0.8058413461538462 0.3897831325301205 0.25394230769230763 0.2219277108433735
3 0.7664182692307692 0.025638554216867473 0.15449519230769226 0.051277108433734946
