0 0.9603365384615384 0.33653846153846156 0.07932692307692307 0.11057692307692307
0 0.7668269230769231 0.35697115384615385 0.125 0.0889423076923077
0 0.6334134615384616 0.3641826923076923 0.09375 0.08413461538461539
0 0.3112980769230769 0.36899038461538464 0.10336538461538461 0.08413461538461539
0 0.4807692307692308 0.3798076923076923 0.07692307692307693 0.0673076923076923
0 0.5216346153846154 0.39903846153846156 0.09134615384615384 0.08173076923076923
0 0.04807692307692308 0.421875 0.09615384615384616 0.06971153846153846
0 0.3545673076923077 0.42908653846153844 0.10817307692307693 0.06971153846153846
0 0.203125 0.42908653846153844 0.12259615384615384 0.10336538461538461
0 0.6478365384615384 0.43149038461538464 0.10336538461538461 0.08413461538461539
0 0.8834134615384616 0.43149038461538464 0.0889423076923077 0.07451923076923077
0 0.10336538461538461 0.4338942307692308 0.09615384615384616 0.07451923076923077
