0 0.39166666666666666 0.319109375 0.0736666666666667 0.04442187500000001
0 0.6385208333333333 0.32459375 0.08618750000000001 0.04903124999999999
0 0.2794166666666667 0.30681250000000004 0.03239583333333336 0.019187499999999958
0 0.34260416666666665 0.31696875 0.04162500000000004 0.01878124999999997
0 0.1421875 0.32940625 0.034291666666666686 0.019562499999999972
0 0.0903125 0.301375 0.03174999999999999 0.019265624999999974
0 0.12833333333333333 0.3130625 0.032729166666666656 0.015609375000000014
0 0.32489583333333333 0.301015625 0.025791666666666657 0.014296874999999964
2 0.6518958333333333 0.44632812499999996 0.11891666666666675 0.15707812499999996
2 0.3762708333333334 0.4526875 0.14295833333333335 0.17100000000000004
2 0.28670833333333334 0.348203125 0.040791666666666636 0.056984374999999955
2 0.11122916666666667 0.33976562499999996 0.02797916666666668 0.020890625000000006
2 0.07702083333333333 0.3586875 0.04566666666666667 0.06714062500000004
3 0.12579166666666666 0.384125 0.05227083333333333 0.07353125
3 0.3182916666666667 0.342546875 0.019020833333333324 0.032468750000000046
3 0.33522916666666663 0.37301562499999996 0.05766666666666668 0.06453125000000001
