1 0.06414 0.2164264264264264 0.08506 0.07249249249249247
1 0.14665999999999998 0.221021021021021 0.09009999999999999 0.07459459459459461
1 0.34382 0.25423423423423425 0.05853999999999997 0.04564564564564561
1 0.50744 0.2568168168168168 0.07284000000000003 0.0578678678678679
1 0.6878 0.20744744744744745 0.0809000000000001 0.07567567567567567
1 0.81002 0.2602702702702703 0.07329999999999995 0.05774774774774772
3 0.813 0.5433333333333333 0.09570000000000005 0.34474474474474476
3 0.7050599999999999 0.553963963963964 0.11511999999999989 0.43663663663663677
3 0.5039600000000001 0.5542342342342342 0.14350000000000004 0.35948948948948944
3 0.33777999999999997 0.5069969969969971 0.11470000000000005 0.28270270270270265
3 0.1364 0.5205105105105106 0.12133999999999999 0.3662462462462462
3 0.04056 0.5681981981981982 0.08112 0.5110810810810811
