0 0.29710000000000003 0.2651833333333334 0.17155 0.0951666666666667
0 0.8625499999999999 0.3080333333333333 0.22007499999999994 0.09856666666666665
0 0.45612499999999995 0.1792 0.11217500000000001 0.06030000000000001
1 0.153475 0.4619 0.161925 0.057133333333333286
1 0.506475 0.38315 0.16795000000000002 0.04590000000000003
3 0.208825 0.7065166666666667 0.2908 0.2563833333333334
3 0.5322749999999999 0.6393666666666666 0.32272499999999993 0.2654
3 0.9017000000000001 0.6154499999999999 0.196575 0.3575666666666666
2 0.253075 0.4683333333333333 0.2843 0.23334999999999997
3 0.441125 0.3005333333333333 0.1703999999999999 0.13771666666666665
