0 0.5153 0.24512605042016808 0.16263999999999992 0.16347338935574227
1 0.35686 0.4785994397759104 0.009740000000000009 0.00826330532212882
1 0.30732 0.46574229691876756 0.011080000000000041 0.011092436974789859
1 0.29546 0.47809523809523813 0.008600000000000023 0.008403361344537815
3 0.35802 0.514985994397759 0.01775999999999999 0.03299719887955174
3 0.31312 0.49910364145658265 0.012059999999999946 0.03098039215686275
3 0.29336 0.5101960784313725 0.01908000000000004 0.03142857142857151
3 0.33896 0.5021288515406163 0.01967999999999995 0.03700280112044812
3 0.35806 0.5264705882352941 0.022779999999999974 0.10739495798319337
2 0.48266000000000003 0.7028851540616247 0.28191999999999995 0.5899159663865546
