0 0.5444 0.286437125748503 0.06922000000000003 0.09095808383233532
0 0.22112 0.28508982035928143 0.12294000000000002 0.18649700598802393
0 0.41043999999999997 0.3138323353293413 0.07401999999999999 0.08464071856287428
0 0.85264 0.16464071856287424 0.13503999999999997 0.13071856287425146
1 0.66306 0.3055688622754491 0.075 0.055898203592814416
1 0.30319999999999997 0.3071856287425149 0.053399999999999975 0.07221556886227547
3 0.1231 0.6253293413173653 0.19828000000000004 0.5320658682634731
3 0.25751999999999997 0.6014371257485029 0.03888 0.33991017964071846
3 0.38977999999999996 0.5353892215568862 0.10063999999999998 0.2510778443113773
3 0.54604 0.5041317365269461 0.11153999999999996 0.23562874251497
3 0.7172799999999999 0.5681137724550899 0.10427999999999997 0.3119760479041916
3 0.89734 0.5687724550898203 0.18674000000000002 0.46476047904191603
