1 0.4765555555555555 0.028136094674556217 0.05553333333333335 0.0390828402366864
1 0.5645555555555556 0.1638757396449704 0.17975555555555553 0.1978106508875739
1 0.8286 0.1837869822485207 0.3428 0.343905325443787
1 0.6728888888888889 0.015266272189349114 0.041511111111111 0.030532544378698227
1 0.17604444444444445 0.18109467455621303 0.12106666666666664 0.09769230769230768
3 0.6747111111111112 0.1373076923076923 0.07191111111111115 0.12937869822485204
3 0.47604444444444444 0.16127218934911242 0.06651111111111113 0.13698224852071006
3 0.6138888888888889 0.5389940828402368 0.25331111111111115 0.4459171597633137
3 0.9148222222222222 0.7810650887573964 0.17033333333333328 0.4378698224852071
3 0.24215555555555554 0.5553846153846154 0.24311111111111117 0.4384319526627219
