1 0.12668000000000001 0.2568125 0.02174000000000001 0.012281250000000021
1 0.2419 0.263625 0.019120000000000005 0.013687499999999986
3 0.23824 0.30753125 0.025720000000000028 0.030843750000000014
3 0.12994 0.3031875 0.02825999999999999 0.031625000000000014
1 0.992 0.33125 0.016 0.01875
1 0.86118 0.33137500000000003 0.005400000000000091 0.004937500000000039
1 0.8442000000000001 0.331625 0.006180000000000064 0.007500000000000018
1 0.6659400000000001 0.34209375 0.010480000000000019 0.022625000000000027
1 0.6564800000000001 0.37959375 0.016339999999999917 0.019406250000000024
3 0.993 0.3921875 0.014 0.078125
3 0.8613 0.3525625 0.011539999999999963 0.02790625000000002
3 0.84508 0.35175 0.011900000000000091 0.02518750000000001
3 0.6542 0.41096875 0.022279999999999973 0.037093750000000016
3 0.63388 0.353375 0.03931999999999994 0.05715624999999998
