0 0.747875 0.7451166666666666 0.003474999999999966 0.003100000000000023
2 0.7483 0.75325 0.004337500000000034 0.008849999999999908
0 0.6835875 0.8357666666666667 0.0043000000000000685 0.004866666666666598
2 0.2126125 0.7946166666666666 0.005775000000000006 0.009683333333333242
2 0.23342500000000002 0.7873833333333333 0.006162500000000008 0.012216666666666735
2 0.249025 0.7810666666666667 0.004912500000000009 0.01009999999999991
2 0.2549625 0.7817500000000001 0.0058250000000000315 0.013216666666666583
0 0.21275 0.7834 0.004287500000000008 0.004216666666666621
0 0.23416250000000002 0.7767333333333334 0.004125000000000014 0.004333333333333371
2 0.439475 0.9555333333333335 0.010362499999999955 0.02568333333333347
0 0.5535 0.8836333333333333 0.0064000000000000055 0.0058499999999999846
0 0.5273 0.88795 0.004437499999999943 0.004550000000000031
2 0.526775 0.8988833333333334 0.00644999999999996 0.010633333333333515
2 0.55345 0.8955833333333334 0.008062500000000057 0.012216666666666546
0 0.3945625 0.7060833333333333 0.0034499999999999887 0.0028166666666667576
2 0.3049 0.6900666666666667 0.005249999999999986 0.00761666666666675
2 0.6487625 0.74975 0.007012499999999875 0.010600000000000023
2 0.588475 0.76835 0.0057375000000000394 0.010966666666666736
2 0.5181 0.7697833333333334 0.003962499999999949 0.008100000000000022
