2 0.4862202753441802 0.4580675422138837 0.01108886107634545 0.02227016885553472
0 0.48093867334167706 0.44840525328330205 0.004993742177722164 0.008292682926829298
0 0.5846808510638298 0.6301313320825516 0.010438047559449352 0.012607879924953148
2 0.5907634543178973 0.6491369606003753 0.01903629536921156 0.022476547842401533
2 0.8264080100125156 0.5165666041275797 0.01384230287859818 0.018649155722326557
0 0.8228785982478097 0.5013320825515947 0.007672090112640938 0.006941838649155808
0 0.7153566958698374 0.11125703564727954 0.005394242803504312 0.006754221388367719
2 0.7210888610763454 0.12043151969981238 0.008798498122653282 0.015722326454033764
2 0.8837797246558198 0.23649155722326454 0.01683354192740932 0.022701688555347082
0 0.88180225281602 0.21681050656660414 0.009299123904881182 0.010131332082551606
0 0.38355444305381725 0.4194559099437148 0.005607008760951212 0.007016885553470936
0 0.39285356695869833 0.41846153846153844 0.005782227784730919 0.005741088180112574
0 0.3762828535669587 0.41757973733583487 0.0066583229036295995 0.006097560975609756
0 0.3609261576971214 0.4327392120075047 0.006170212765957384 0.0073921200750469
2 0.36143929912390493 0.44257035647279547 0.011439299123904864 0.010787992495309569
2 0.3754443053817272 0.43247654784240147 0.011113892365456816 0.018911819887429612
2 0.38312891113892367 0.42855534709193244 0.0038047559449311185 0.008236397748592845
2 0.39285356695869833 0.4272420262664165 0.008610763454317891 0.009136960600375244
