0 0.886175 0.5190583804143126 0.03971249999999998 0.034858757062146875
0 0.22547499999999998 0.5508662900188324 0.02738750000000003 0.026591337099811686
0 0.4961875 0.5447269303201506 0.03927499999999995 0.03826741996233531
0 0.5346 0.5366478342749529 0.027450000000000044 0.032372881355932304
0 0.57015 0.5082674199623352 0.03947500000000005 0.04067796610169496
0 0.6707375 0.5340489642184557 0.024724999999999966 0.030621468926553656
0 0.6891875000000001 0.4994915254237288 0.027549999999999953 0.031412429378530976
0 0.734525 0.5680790960451977 0.0295750000000001 0.023333333333333307
2 0.223275 0.6438983050847458 0.04798749999999998 0.1030696798493409
2 0.47026249999999997 0.6419585687382298 0.062424999999999925 0.13683615819209033
2 0.5271875 0.6211111111111112 0.04217500000000001 0.10883239171374758
2 0.572325 0.6101318267419963 0.059724999999999966 0.11770244821092278
2 0.653625 0.6617325800376648 0.026875 0.07369114877589453
2 0.685875 0.6128625235404896 0.05273750000000007 0.14028248587570624
2 0.73765 0.6522975517890772 0.0358250000000001 0.13011299435028253
2 0.8766625 0.6266101694915255 0.05702499999999986 0.14041431261770235
