0 0.899609375 0.3227044025157233 0.05032812500000006 0.04909853249475894
0 0.780171875 0.3683228511530398 0.03365624999999994 0.0285115303983229
0 0.655046875 0.39373165618448636 0.03687500000000003 0.03974842767295593
1 0.30634375 0.3111740041928721 0.026968749999999986 0.019056603773584854
1 0.10889062499999999 0.49834381551362683 0.015765625000000005 0.013689727463312313
1 0.05240625 0.5028511530398323 0.017375 0.01570230607966459
1 0.020171875 0.5022851153039832 0.0119375 0.009937106918239012
3 0.023046875 0.5341509433962264 0.024640624999999996 0.04568134171907761
3 0.10493749999999999 0.5318658280922431 0.011328125 0.029496855345911996
2 0.302453125 0.3714255765199161 0.05739062500000003 0.0743186582809224
2 0.9116093749999999 0.4554507337526205 0.07953125000000014 0.15387840670859534
2 0.79121875 0.470041928721174 0.06095312499999998 0.12014675052410902
2 0.6444062500000001 0.4888050314465408 0.07290624999999995 0.13203354297693917
