0 0.25892578125 0.5931771595900439 0.00773437499999996 0.007730600292825729
2 0.259091796875 0.6074524158125915 0.008066406249999991 0.015783308931185906
0 0.615263671875 0.7018301610541728 0.009472656250000044 0.008345534407027885
2 0.621826171875 0.7297071742313324 0.014775390625000107 0.03481698389458268
0 0.407041015625 0.6468814055636896 0.007470703124999978 0.0067935578330892915
3 0.4116015625 0.6668521229868228 0.010341796875000031 0.027701317715958945
0 0.390234375 0.7020937042459736 0.012539062500000031 0.013250366032210768
2 0.39244140625 0.7188433382137629 0.010117187500000013 0.014553440702781925
0 0.375849609375 0.6997950219619327 0.009160156249999996 0.010131771595900379
2 0.375400390625 0.7272327964860907 0.015087890625000044 0.04156661786237187
0 0.386220703125 0.7277159590043923 0.011337890625000013 0.013265007320644137
2 0.3813671875 0.754597364568082 0.01530273437499996 0.03480234260614931
2 0.401884765625 0.7609077598828697 0.025087890625000053 0.04013177159590048
2 0.418818359375 0.762532942898975 0.018925781249999996 0.041918008784773135
2 0.436787109375 0.7696778916544657 0.02946289062499996 0.04155197657393858
2 0.46548828125 0.7662225475841875 0.027294921875000044 0.037554904831625234
0 0.462451171875 0.7363689604685212 0.010478515625000018 0.013001464128843331
0 0.43962890625 0.7414641288433382 0.010722656250000018 0.011478770131771643
0 0.414599609375 0.7311566617862372 0.008535156250000009 0.00991215226939968
0 0.398740234375 0.7335578330893119 0.010009765625 0.011771595900439186
0 0.39689453125 0.6449048316251831 0.009248046875000027 0.00869692532942907
0 0.3673828125 0.6505417276720351 0.010771484374999973 0.00972181551976572
0 0.3591015625 0.6436310395314788 0.008857421875000049 0.010541727672035206
0 0.329248046875 0.6919619326500732 0.00871093749999996 0.010571010248901943
0 0.358046875 0.6966325036603221 0.011132812499999978 0.01191800878477304
0 0.34408203125 0.7287408491947291 0.011044921874999947 0.013850658857979556
0 0.33298828125 0.7353001464128843 0.010341796875000031 0.0123279648609077
0 0.28875 0.7128550512445095 0.011699218750000018 0.01282576866764274
0 0.25275390625 0.7546852122986824 0.008085937499999973 0.01594436310395321
2 0.257783203125 0.7833089311859444 0.01911132812500002 0.03953147877013177
2 0.286640625 0.7428989751098096 0.01823242187499996 0.04216691068814049
2 0.325927734375 0.71402635431918 0.01505859374999996 0.02565153733528548
2 0.33580078125 0.7611420204978038 0.021591796875000013 0.03915080527086385
2 0.352119140625 0.7608784773060029 0.02098632812500001 0.04338213762811135
2 0.356259765625 0.7223865300146413 0.01659179687500001 0.03919472913616395
2 0.368984375 0.6733967789165447 0.011435546875000036 0.031449487554904856
2 0.35845703125 0.6683748169838946 0.012021484374999947 0.027745241581259218
2 0.398359375 0.6677452415812591 0.017382812499999956 0.02964860907759883
