0 0.16564666666666664 0.34470999999999996 0.05008666666666665 0.04541999999999996
0 0.21900666666666666 0.33987 0.03857333333333334 0.038399999999999976
0 0.26880666666666664 0.36047 0.043066666666666684 0.04227999999999997
0 0.3388933333333333 0.34288 0.03745999999999996 0.03642999999999995
0 0.38336 0.30257999999999996 0.03039333333333328 0.033169999999999956
0 0.42203999999999997 0.35393 0.03664666666666668 0.03718999999999994
0 0.45444666666666667 0.33936 0.03130000000000003 0.03603999999999996
0 0.48435999999999996 0.31001999999999996 0.028833333333333332 0.030710000000000036
0 0.49643333333333334 0.36265 0.03521333333333329 0.03597000000000003
0 0.5544 0.29852999999999996 0.031140000000000025 0.030399999999999976
0 0.56064 0.36067 0.033839999999999995 0.03734000000000003
0 0.6019933333333334 0.34879000000000004 0.03299333333333334 0.03441999999999996
0 0.6411466666666666 0.32605 0.03129333333333337 0.03342999999999995
0 0.6584066666666667 0.36415 0.03560000000000006 0.038970000000000025
0 0.70842 0.33846 0.03606666666666661 0.03425
0 0.7475466666666666 0.34238999999999997 0.04143333333333339 0.042110000000000015
0 0.80976 0.33147000000000004 0.040533333333333456 0.042950000000000044
0 0.8576066666666667 0.35574 0.05009333333333325 0.04749000000000001
2 0.15963333333333332 0.49501 0.12544666666666665 0.19002
2 0.22607333333333335 0.43633 0.062326666666666676 0.07065999999999997
2 0.27312000000000003 0.49489999999999995 0.10308666666666666 0.17380999999999994
2 0.34217333333333333 0.46059 0.09452666666666665 0.14517999999999995
2 0.37929333333333337 0.38117 0.055426666666666735 0.05833000000000004
2 0.42092666666666667 0.48139 0.09336666666666664 0.15878999999999996
2 0.5016666666666667 0.48519 0.07084666666666666 0.13838
2 0.45849333333333336 0.40526999999999996 0.04070666666666663 0.05822000000000003
2 0.49716 0.38185 0.059579999999999925 0.049860000000000015
2 0.55296 0.38245999999999997 0.07067333333333332 0.08031000000000006
2 0.5672466666666667 0.48904000000000003 0.06642666666666673 0.15039
2 0.61572 0.47368 0.04541999999999992 0.13813999999999999
2 0.6330466666666666 0.39774 0.02571333333333329 0.03392999999999995
2 0.6574 0.48591999999999996 0.07954666666666663 0.14721999999999996
2 0.7102533333333334 0.42212 0.046799999999999876 0.07347000000000002
2 0.7493533333333333 0.46902 0.10653333333333345 0.14880999999999994
2 0.8034266666666667 0.45776 0.07417333333333348 0.14936000000000008
2 0.8668266666666666 0.50176 0.12610000000000007 0.19582999999999998
