3 0.04807692307692308 0.3269230769230769 0.09615384615384616 0.2548076923076923
3 0.12379807692307693 0.32336538461538467 0.0719471153846154 0.22495192307692305
3 0.190625 0.3319471153846154 0.05483173076923077 0.19843750000000002
3 0.25038461538461537 0.3140384615384615 0.08036057692307694 0.1516586538461539
3 0.35283653846153845 0.35091346153846154 0.10394230769230771 0.1817307692307692
3 0.5583173076923077 0.34680288461538467 0.14117788461538466 0.29367788461538463
3 0.7806971153846154 0.3488701923076923 0.13793269230769228 0.304375
2 0.1088701923076923 0.6012740384615385 0.2177403846153846 0.20822115384615386
2 0.3539182692307692 0.709951923076923 0.15115384615384614 0.42120192307692317
0 0.45153846153846156 0.5532451923076923 0.04125000000000006 0.061899038461538464
0 0.5942788461538462 0.5382692307692307 0.07105769230769231 0.08658653846153842
2 0.5511538461538461 0.7891346153846153 0.179326923076923 0.29985576923076923
1 0.3764423076923077 0.20252403846153846 0.039663461538461536 0.0226201923076923
1 0.26264423076923077 0.1747596153846154 0.045889423076923085 0.021730769230769213
1 0.2121875 0.17713942307692307 0.04331730769230772 0.02211538461538459
1 0.14379807692307692 0.13427884615384617 0.05298076923076925 0.0325480769230769
1 0.06475961538461539 0.10697115384615384 0.06098557692307692 0.030384615384615385
