0 0.8480288461538461 0.2835576923076923 0.08079326923076927 0.06915865384615387
2 0.6331971153846154 0.4778846153846154 0.06062500000000007 0.1350240384615385
1 0.48093749999999996 0.14338942307692307 0.018677884615384572 0.010312500000000014
1 0.37699519230769235 0.15533653846153847 0.015120192307692357 0.010216346153846154
1 0.07375 0.23475961538461537 0.016802884615384612 0.015216346153846184
1 0.061875 0.23012019230769232 0.0146875 0.013125000000000019
1 0.09423076923076924 0.24826923076923077 0.0361298076923077 0.027788461538461543
1 0.016874999999999998 0.23560096153846155 0.023269230769230768 0.016875000000000025
1 0.057115384615384616 0.27447115384615384 0.04122596153846154 0.027307692307692342
1 0.18266826923076923 0.3004807692307692 0.054326923076923064 0.04084134615384617
1 0.17302884615384617 0.2360096153846154 0.023028846153846184 0.020120192307692318
1 0.20665865384615384 0.22805288461538462 0.02987980769230771 0.023293269230769225
1 0.3163221153846154 0.2215625 0.04764423076923075 0.034495192307692296
1 0.29646634615384615 0.34485576923076927 0.07762019230769229 0.05750000000000004
1 0.5054086538461539 0.24098557692307693 0.0676201923076923 0.049254807692307716
3 0.5153846153846154 0.3652403846153846 0.07076923076923076 0.12233173076923073
3 0.48163461538461544 0.17293269230769232 0.022451923076923015 0.028557692307692298
3 0.3798076923076923 0.18865384615384617 0.025552884615384606 0.031177884615384614
3 0.3448798076923077 0.3283894230769231 0.061466346153846135 0.1038942307692308
3 0.26298076923076924 0.5010096153846153 0.08278846153846153 0.17507211538461534
3 0.22288461538461538 0.30197115384615386 0.04586538461538458 0.07990384615384617
3 0.17048076923076924 0.40117788461538456 0.05158653846153848 0.12927884615384608
3 0.18451923076923077 0.2750721153846154 0.0315865384615385 0.02127403846153845
3 0.0996875 0.3376923076923077 0.05185096153846153 0.07923076923076922
3 0.05134615384615385 0.35899038461538463 0.05134615384615385 0.08576923076923079
3 0.031802884615384615 0.2597836538461538 0.019423076923076918 0.021947115384615374
0 0.6218269230769231 0.3550480769230769 0.038413461538461584 0.04903846153846148
2 0.8303125 0.5065144230769231 0.11887019230769241 0.25338942307692314
