0 0.25467999999999996 0.22928 0.029926666666666657 0.03457
0 0.3627266666666667 0.32575 0.021126666666666703 0.03684000000000003
0 0.42728666666666665 0.4706 0.019573333333333266 0.03186000000000001
0 0.34443999999999997 0.44185 0.021886666666666655 0.03702999999999997
0 0.47773333333333334 0.6597000000000001 0.018353333333333315 0.029410000000000082
0 0.539 0.67243 0.015753333333333407 0.029470000000000027
2 0.5337866666666666 0.6797300000000001 0.03456666666666661 0.05176999999999998
2 0.42352 0.4839 0.03146000000000004 0.05317999999999995
2 0.35078666666666664 0.45733999999999997 0.05062000000000004 0.07391999999999996
2 0.36206000000000005 0.34913 0.041366666666666635 0.06978999999999996
2 0.2725933333333333 0.28111 0.06449333333333333 0.09761000000000002
