0 0.18561333333333335 0.34764999999999996 0.023259999999999992 0.02815999999999997
0 0.25959333333333334 0.35247 0.019786666666666633 0.01922000000000003
0 0.3200266666666667 0.34738 0.010179999999999988 0.01475
0 0.30426666666666663 0.33393 0.023419999999999996 0.027870000000000006
0 0.3086333333333333 0.36055000000000004 0.04072000000000003 0.035389999999999984
0 0.39276666666666665 0.34911000000000003 0.022053333333333286 0.0225
0 0.44254 0.35619999999999996 0.04282666666666667 0.03811000000000001
0 0.4866133333333333 0.36456 0.014780000000000048 0.01767999999999995
0 0.4989266666666667 0.36501 0.01560000000000006 0.017159999999999967
0 0.5291066666666666 0.35827 0.02929333333333337 0.027960000000000037
0 0.5694600000000001 0.33282 0.02237999999999996 0.021360000000000014
0 0.6075333333333333 0.3085 0.03567333333333333 0.03842999999999995
0 0.59782 0.36136 0.06100666666666666 0.067
0 0.6582933333333334 0.38527999999999996 0.018140000000000024 0.021980000000000017
0 0.67916 0.37489999999999996 0.01069333333333331 0.00875
2 0.6767333333333333 0.39704 0.01215333333333327 0.026710000000000036
0 0.6941133333333334 0.37325 0.023153333333333345 0.022870000000000005
0 0.7337533333333334 0.35508 0.02788666666666662 0.025610000000000015
0 0.7921666666666667 0.36901 0.02107999999999993 0.022559999999999945
0 0.8340599999999999 0.37672000000000005 0.019406666666666753 0.021629999999999996
0 0.8847933333333333 0.37174 0.03421999999999995 0.026200000000000046
0 0.9189200000000001 0.38071 0.03579333333333337 0.03597000000000003
2 0.91818 0.50671 0.07067999999999999 0.14161
2 0.8828733333333333 0.45274000000000003 0.055826666666666525 0.10458000000000003
2 0.8347066666666666 0.45348 0.05404666666666678 0.08788
2 0.7935066666666667 0.45039999999999997 0.028613333333333383 0.09899000000000001
2 0.7375933333333334 0.44351 0.05253999999999996 0.10520000000000004
2 0.6980533333333333 0.44223 0.0425466666666667 0.09080999999999995
2 0.6639133333333334 0.44464 0.031846666666666655 0.07747000000000002
2 0.5639000000000001 0.40457 0.031219999999999953 0.07641999999999996
2 0.5000533333333333 0.42591 0.03442666666666673 0.06817999999999995
2 0.48600666666666664 0.41951 0.007553333333333285 0.052649999999999975
2 0.4179533333333333 0.42306 0.01628666666666671 0.02158000000000004
2 0.3921333333333334 0.42202 0.054953333333333375 0.08768000000000006
2 0.33441333333333334 0.41631999999999997 0.01773333333333331 0.08538
2 0.30395333333333335 0.40948 0.05193333333333332 0.0635
2 0.26413333333333333 0.41457 0.035919999999999994 0.07733000000000004
2 0.3035133333333333 0.46329000000000004 0.06923333333333336 0.13658000000000003
2 0.44538000000000005 0.471 0.0765933333333334 0.15108999999999997
2 0.53442 0.43851999999999997 0.06255333333333328 0.09702999999999998
2 0.6285266666666667 0.41499 0.04331333333333335 0.12499
2 0.5909866666666667 0.54623 0.08379333333333337 0.23246000000000003
2 0.17354666666666665 0.41397 0.047480000000000015 0.09065999999999996
0 0.51794 0.37981 0.005359999999999976 0.015990000000000008
