2 0.03766666666666667 0.577 0.07533333333333334 0.286
2 0.23415333333333335 0.4029 0.03100666666666666 0.09195000000000005
2 0.19585333333333332 0.43392000000000003 0.054913333333333335 0.12168999999999994
2 0.2708333333333333 0.42877 0.04693333333333332 0.11138999999999999
2 0.31424 0.42767 0.030160000000000006 0.09073000000000002
2 0.34071999999999997 0.4746 0.0564533333333333 0.15689000000000003
2 0.38410666666666665 0.39820999999999995 0.035533333333333306 0.08565999999999997
2 0.41353999999999996 0.47376 0.05644000000000005 0.11213000000000005
2 0.4428 0.43061 0.021633333333333362 0.07046000000000004
2 0.49016666666666664 0.48613999999999996 0.08149333333333333 0.17228999999999997
2 0.5405333333333333 0.42819 0.02941333333333326 0.09485000000000002
2 0.5721466666666667 0.45383 0.06904666666666662 0.11381000000000006
2 0.6591266666666667 0.44354000000000005 0.04607999999999993 0.10861000000000001
2 0.70268 0.4728 0.07267333333333341 0.12560000000000002
2 0.75334 0.44345999999999997 0.052966666666666544 0.09922000000000003
0 0.7660733333333333 0.3683 0.028179999999999986 0.030450000000000046
0 0.6963733333333333 0.3654 0.03749333333333326 0.040039999999999965
0 0.6667733333333333 0.34928 0.028559999999999947 0.03394000000000005
0 0.5685333333333333 0.35389 0.02798000000000002 0.030850000000000023
0 0.55196 0.34652999999999995 0.02251999999999998 0.026899999999999976
0 0.5023333333333333 0.35494 0.04120666666666663 0.04220000000000004
0 0.43728666666666666 0.37076 0.015733333333333273 0.02307000000000005
0 0.4173866666666667 0.36265 0.030733333333333272 0.03422000000000003
0 0.40768 0.3444 0.018059999999999944 0.01341999999999996
0 0.38320666666666664 0.32541000000000003 0.021426666666666733 0.023129999999999994
0 0.35142 0.34097000000000005 0.038873333333333294 0.04039999999999998
0 0.32611333333333337 0.35567000000000004 0.014933333333333318 0.019039999999999963
0 0.26625333333333334 0.3372 0.02956000000000002 0.029789999999999962
0 0.2097 0.32583 0.013893333333333355 0.01627999999999997
0 0.20021333333333333 0.33233999999999997 0.031846666666666655 0.02467999999999995
0 0.036533333333333334 0.3168 0.07165999999999999 0.09512999999999999
