1 0.934275 0.26366666666666666 0.08599999999999994 0.08523333333333331
1 0.8614 0.029333333333333336 0.06392500000000012 0.041133333333333334
1 0.85265 0.13520000000000001 0.06219999999999999 0.04579999999999998
1 0.7752249999999999 0.18656666666666666 0.07319999999999993 0.05386666666666665
1 0.678025 0.19343333333333335 0.07352499999999992 0.050033333333333325
1 0.96735 0.5508333333333333 0.06530000000000001 0.09116666666666674
1 0.654125 0.41350000000000003 0.07832500000000003 0.08316666666666668
1 0.525775 0.6611 0.08477499999999992 0.0801000000000001
1 0.5938 0.7390333333333333 0.09980000000000004 0.07106666666666664
1 0.5141 0.07593333333333334 0.08247500000000002 0.06413333333333332
1 0.29095 0.013166666666666667 0.06777500000000003 0.026299999999999997
1 0.2443 0.18213333333333334 0.069225 0.05896666666666666
1 0.017025 0.23676666666666668 0.03405 0.052466666666666675
1 0.0378 0.286 0.06675 0.0526666666666667
1 0.082975 0.4063333333333334 0.1018 0.07580000000000003
1 0.09065 0.7036666666666667 0.08035 0.04946666666666658
1 0.137025 0.6442666666666667 0.04677500000000002 0.046433333333333354
1 0.026375000000000003 0.7783666666666667 0.0518 0.07953333333333337
1 0.2796 0.41386666666666666 0.08982500000000002 0.06283333333333337
1 0.50095 0.3518 0.07197500000000005 0.057966666666666715
1 0.499825 0.19226666666666664 0.08552499999999995 0.06873333333333333
3 0.055725 0.19196666666666667 0.11047499999999999 0.2541333333333334
3 0.13329999999999997 0.13043333333333337 0.11827499999999999 0.2117666666666667
3 0.29432499999999995 0.2209666666666667 0.14295 0.24893333333333337
3 0.555775 0.2192 0.04739999999999995 0.13666666666666666
3 0.365 0.055 0.08 0.11
3 0.5312250000000001 0.07013333333333333 0.12992500000000007 0.13676666666666668
3 0.67765 0.0902 0.12012499999999995 0.1769
3 0.982475 0.09016666666666666 0.035049999999999956 0.17333333333333334
3 0.8577750000000001 0.2970333333333333 0.09087500000000005 0.13446666666666668
3 0.9259000000000001 0.5008 0.14819999999999994 0.2577333333333333
3 0.9375 0.8233333333333334 0.125 0.35333333333333333
3 0.7814749999999999 0.48146666666666665 0.1725 0.3313666666666666
3 0.642275 0.3565333333333333 0.09147500000000008 0.11310000000000002
3 0.6744249999999999 0.7009666666666666 0.15840000000000004 0.3282333333333332
3 0.602275 0.9368333333333334 0.19042500000000004 0.12629999999999997
3 0.49329999999999996 0.8484333333333334 0.09090000000000004 0.15653333333333327
3 0.38337499999999997 0.9842 0.15262500000000004 0.03156666666666676
3 0.29635 0.7062333333333334 0.12332500000000003 0.32123333333333337
3 0.0842 0.6235666666666666 0.16215 0.22956666666666667
3 0.17434999999999998 0.7985666666666666 0.08195000000000001 0.0673333333333333
3 0.127225 0.9078333333333334 0.14295000000000002 0.18433333333333327
3 0.048150000000000005 0.9701666666666667 0.09532500000000001 0.05963333333333329
1 0.37705 0.8448666666666667 0.07420000000000002 0.05813333333333333
