1 0.147975 0.102 0.09297499999999999 0.08664999999999999
1 0.381075 0.22644999999999998 0.14612499999999998 0.15285
1 0.6135 0.20934999999999998 0.13487499999999997 0.14045000000000002
1 0.713475 0.15425 0.013125 0.02155000000000001
1 0.780175 0.13195 0.016074999999999874 0.020450000000000017
3 0.781875 0.19820000000000002 0.03469999999999999 0.08769999999999997
3 0.71525 0.2465 0.031875 0.1104
3 0.6035499999999999 0.77825 0.19760000000000005 0.44349999999999995
3 0.341525 0.79675 0.22137500000000002 0.4065000000000001
3 0.12425000000000001 0.6147500000000001 0.16725 0.5991000000000001
