3 0.37575000000000003 0.34690810810810807 0.014534722222222267 0.030745945945946006
3 0.4691458333333334 0.34402162162162164 0.013833333333333383 0.03218378378378377
1 0.4650138888888889 0.28847567567567567 0.024083333333333377 0.025589189189189177
1 0.3752430555555556 0.32263783783783784 0.01584027777777774 0.018248648648648644
1 0.0998125 0.1856648648648649 0.13164583333333332 0.09024864864864866
1 0.4159791666666667 0.33881081081081077 0.08573611111111114 0.07941621621621625
1 0.4804375 0.4122594594594594 0.10122916666666665 0.08938378378378373
1 0.6241875 0.2952756756756757 0.02993055555555549 0.03198918918918922
1 0.6293263888888889 0.40033513513513513 0.0911388888888889 0.07994594594594599
1 0.7006249999999999 0.27035675675675674 0.027708333333333317 0.025394594594594574
1 0.803375 0.18174054054054056 0.14756944444444445 0.1472540540540541
1 0.8991319444444444 0.36181621621621624 0.028888888888888825 0.03534054054054048
1 0.8731319444444444 0.3434702702702703 0.03013888888888895 0.056302702702702746
1 0.9247222222222221 0.34924324324324324 0.033784722222222285 0.02820540540540544
3 0.17076388888888888 0.6935783783783783 0.22956944444444444 0.6051675675675675
3 0.3688819444444445 0.6486054054054055 0.10034027777777778 0.3602810810810811
3 0.4522361111111111 0.796627027027027 0.19760416666666664 0.39325405405405406
3 0.6108888888888888 0.7180756756756757 0.14454166666666673 0.4019027027027027
3 0.8005277777777777 0.6972972972972973 0.28770138888888885 0.6054054054054054
3 0.6888333333333333 0.3864540540540541 0.034229166666666644 0.06660540540540542
3 0.9504097222222222 0.4131027027027027 0.024965277777777652 0.03700540540540542
