1 0.15678124999999998 0.08846666666666667 0.008631250000000002 0.013977777777777792
1 0.20270624999999998 0.08891111111111111 0.042149999999999965 0.0333888888888889
1 0.39923125 0.041466666666666666 0.047693749999999965 0.04591111111111112
1 0.5960562500000001 0.12301111111111108 0.045518749999999955 0.038611111111111096
1 0.7739437499999999 0.10243333333333333 0.06170625000000001 0.05301111111111112
3 0.15516875 0.11973333333333334 0.015824999999999995 0.03947777777777778
3 0.20208749999999998 0.26283333333333336 0.09090624999999998 0.19234444444444446
3 0.3906 0.27290000000000003 0.08668125000000003 0.27542222222222223
3 0.5997437500000001 0.312 0.08830625000000004 0.2129
3 0.8008375 0.3416888888888889 0.10508125000000007 0.32412222222222226
1 0.84876875 0.23703333333333335 0.03843124999999986 0.05554444444444445
