0 0.45490624999999996 0.27493055555555557 0.04292187500000004 0.07763888888888885
0 0.28718750000000004 0.26122222222222224 0.053468750000000044 0.05816666666666666
0 0.3365703125 0.36704166666666665 0.016070312500000038 0.03568055555555559
0 0.631828125 0.45688888888888884 0.02176562499999992 0.03679166666666668
0 0.7464453125 0.29131944444444446 0.014390625000000056 0.023111111111111093
0 0.49725 0.47744444444444445 0.016007812500000006 0.030291666666666592
3 0.48376562500000003 0.5060972222222222 0.015812500000000007 0.04790277777777779
3 0.6324687499999999 0.5078333333333334 0.036429687500000085 0.0712083333333333
3 0.75915625 0.3650277777777778 0.026414062499999957 0.08718055555555553
3 0.428640625 0.4108611111111111 0.06181250000000005 0.16298611111111114
3 0.3246484375 0.415875 0.012312499999999994 0.038111111111111186
2 0.2688671875 0.4383472222222222 0.10387500000000002 0.23383333333333337
