2 0.6547135416666666 0.6654166666666667 0.008015624999999934 0.019249999999999965
2 0.09583333333333334 0.3220092592592592 0.013703125000000002 0.035555555555555535
2 0.10318229166666668 0.3653611111111111 0.012989583333333332 0.012851851851851847
0 0.09678125 0.2979537037037037 0.0070468749999999854 0.00926851851851851
0 0.10553125000000001 0.35547222222222224 0.006307291666666674 0.006574074074074095
0 0.15045833333333333 0.34976851851851853 0.006229166666666686 0.008249999999999971
0 0.17862499999999998 0.3207777777777778 0.007411458333333343 0.009277777777777762
3 0.20055208333333333 0.36058333333333337 0.01285416666666664 0.0353148148148148
1 0.20009375000000001 0.32952777777777775 0.0075677083333333195 0.008916666666666663
2 0.17561458333333332 0.3446944444444444 0.016380208333333358 0.030722222222222175
2 0.15869270833333332 0.3622592592592593 0.011817708333333362 0.018805555555555506
2 0.19083854166666667 0.37815740740740744 0.008265625000000002 0.014583333333333334
