0 0.138375 0.19475 0.034078125 0.049222222222222216
0 0.2172421875 0.18991666666666668 0.03426562500000001 0.04881944444444443
0 0.313046875 0.27958333333333335 0.04357812499999998 0.06841666666666665
0 0.48539843749999995 0.26483333333333337 0.04193750000000005 0.07131944444444448
0 0.41674218749999997 0.18097222222222223 0.03353125000000001 0.04944444444444446
0 0.392140625 0.20770833333333336 0.02338281249999996 0.04272222222222221
2 0.4168984375 0.2779722222222222 0.07810937500000001 0.07909722222222221
2 0.544328125 0.3840833333333334 0.08167187499999998 0.19872222222222227
2 0.251625 0.38640277777777776 0.09521874999999999 0.18716666666666665
2 0.2122421875 0.33173611111111106 0.08546093749999999 0.16579166666666664
2 0.1316171875 0.3146527777777778 0.08177343750000002 0.15941666666666662
